model,score,coverage,files-executed,generate-tests-for-file-character-count,processing-time,response-character-count,response-no-error,response-no-excess,response-with-code
openrouter/mistralai/mixtral-8x22b-instruct,12976,12600,109,138419,1030437,184311,120,27,120
